# transform file ./data/normalized/registered/abbytoernie.lta
# created by basti on Sat May 13 07:39:30 2023

type      = 0 # LINEAR_VOX_TO_VOX
nxforms   = 1
mean      = 126.0000 130.0000 116.0000
sigma     = 10000.0000
1 4 4
9.799537062644958e-01 -5.380107089877129e-02 1.918233633041382e-01 -1.469747447967529e+01 
4.096483439207077e-02 9.966866374015808e-01 7.026862353086472e-02 -1.191137123107910e+01 
-1.949683129787445e-01 -6.100198253989220e-02 9.789106845855713e-01 3.676149749755859e+01 
0.000000000000000e+00 0.000000000000000e+00 0.000000000000000e+00 1.000000000000000e+00 
src volume info
valid = 1  # volume info valid
filename = ./data/normalized/input/abby/abby_brain.mgz
volume = 256 256 256
voxelsize = 1.000000000000000e+00 1.000000000000000e+00 1.000000000000000e+00
xras   = -1.000000000000000e+00 -7.450580596923828e-09 -7.450580596923828e-09
yras   = -7.450580596923828e-09 -4.656612873077393e-10 -9.999998807907104e-01
zras   = 0.000000000000000e+00 9.999999403953552e-01 -4.656612873077393e-10
cras   = -2.918502807617188e+00 9.197547912597656e+00 2.159611511230469e+01
dst volume info
valid = 1  # volume info valid
filename = ./data/normalized/input/ernie/ernie_brain.mgz
volume = 256 256 256
voxelsize = 1.000000000000000e+00 1.000000000000000e+00 1.000000000000000e+00
xras   = -9.999999403953552e-01 1.490116119384766e-08 -4.365574568510056e-10
yras   = 2.037268131971359e-10 -2.099113771691918e-09 -1.000000000000000e+00
zras   = 1.490116119384766e-08 9.999999403953552e-01 7.566995918750763e-10
cras   = -8.641151428222656e+00 7.509811401367188e+00 2.703279113769531e+01
